,participant,target,time,age,gender,glasses
0,1,7,9.46,71,m,True
1,1,2,15.845,71,m,True
2,1,9,8.944,71,m,True
3,1,8,23.672,71,m,True
4,1,7,3.816,71,m,True
5,1,1,20.674,71,m,True
6,1,2,62.655,71,m,True
7,1,7,7.413,71,m,True
8,1,0,14.66,71,m,True
9,1,8,11.346,71,m,True
10,1,7,2.366,71,m,True
11,1,2,11.361,71,m,True
12,1,6,18.858,71,m,True
13,1,5,12.844,71,m,True
14,1,4,14.044,71,m,True
15,1,7,9.561,71,m,True
16,1,2,32.62,71,m,True
17,1,5,72.267,71,m,True
18,1,1,31.452,71,m,True
19,1,8,9.863,71,m,True
20,1,0,20.324,71,m,True
21,1,5,52.444,71,m,True
22,1,2,9.844,71,m,True
23,1,4,12.261,71,m,True
24,1,8,28.438,71,m,True
25,1,0,4.698,71,m,True
26,1,5,10.479,71,m,True
27,1,3,10.445,71,m,True
28,1,5,10.728,71,m,True
29,1,2,18.858,71,m,True
30,1,6,4.131,71,m,True
31,1,7,4.766,71,m,True
32,1,8,4.765,71,m,True
33,1,3,2.315,71,m,True
34,1,2,4.465,71,m,True
35,1,7,10.446,71,m,True
36,1,1,6.863,71,m,True
37,1,3,16.408,71,m,True
38,1,8,2.383,71,m,True
39,1,2,12.228,71,m,True
40,1,1,9.262,71,m,True
41,1,6,7.148,71,m,True
42,1,4,6.53,71,m,True
43,1,8,4.466,71,m,True
44,1,2,7.746,71,m,True
45,1,8,5.349,71,m,True
46,1,0,3.832,71,m,True
47,1,7,8.379,71,m,True
48,1,2,4.131,71,m,True
49,1,1,16.127,71,m,True
50,10,7,3.58,40,f,False
51,10,2,2.332,40,f,False
52,10,9,2.365,40,f,False
53,10,8,2.35,40,f,False
54,10,7,2.365,40,f,False
55,10,1,2.316,40,f,False
56,10,2,2.366,40,f,False
57,10,7,2.332,40,f,False
58,10,0,3.882,40,f,False
59,10,8,2.332,40,f,False
60,10,7,2.349,40,f,False
61,10,6,2.349,40,f,False
62,10,2,2.366,40,f,False
63,10,6,2.315,40,f,False
64,10,5,2.349,40,f,False
65,10,4,2.366,40,f,False
66,10,7,2.332,40,f,False
67,10,2,2.366,40,f,False
68,10,5,2.317,40,f,False
69,10,1,2.382,40,f,False
70,10,8,2.315,40,f,False
71,10,0,2.369,40,f,False
72,10,5,2.348,40,f,False
73,10,2,2.332,40,f,False
74,10,4,2.365,40,f,False
75,10,8,2.366,40,f,False
76,10,0,2.316,40,f,False
77,10,5,2.381,40,f,False
78,10,3,7.748,40,f,False
79,10,5,2.614,40,f,False
80,10,2,2.366,40,f,False
81,10,6,2.351,40,f,False
82,10,7,2.33,40,f,False
83,10,8,2.35,40,f,False
84,10,3,2.348,40,f,False
85,10,2,2.348,40,f,False
86,10,7,2.349,40,f,False
87,10,1,2.949,40,f,False
88,10,3,2.35,40,f,False
89,10,8,2.367,40,f,False
90,10,2,2.332,40,f,False
91,10,1,3.867,40,f,False
92,10,6,2.333,40,f,False
93,10,4,2.348,40,f,False
94,10,8,2.333,40,f,False
95,10,2,2.364,40,f,False
96,10,8,2.334,40,f,False
97,10,0,2.648,40,f,False
98,10,7,2.382,40,f,False
99,10,2,2.349,40,f,False
100,10,1,2.334,40,f,False
101,11,7,2.695,38,f,False
102,11,2,2.367,38,f,False
103,11,9,2.316,38,f,False
104,11,8,2.349,38,f,False
105,11,7,2.35,38,f,False
106,11,1,2.349,38,f,False
107,11,2,2.349,38,f,False
108,11,7,2.349,38,f,False
109,11,0,2.349,38,f,False
110,11,8,2.35,38,f,False
111,11,7,2.348,38,f,False
112,11,6,2.332,38,f,False
113,11,2,2.384,38,f,False
114,11,6,2.316,38,f,False
115,11,5,2.364,38,f,False
116,11,4,2.333,38,f,False
117,11,7,2.348,38,f,False
118,11,2,2.366,38,f,False
119,11,5,2.332,38,f,False
120,11,1,2.35,38,f,False
121,11,8,2.347,38,f,False
122,11,0,2.35,38,f,False
123,11,5,2.349,38,f,False
124,11,2,2.366,38,f,False
125,11,4,2.349,38,f,False
126,11,8,2.35,38,f,False
127,11,0,2.331,38,f,False
128,11,5,2.35,38,f,False
129,11,3,2.349,38,f,False
130,11,5,2.35,38,f,False
131,11,2,2.347,38,f,False
132,11,6,2.333,38,f,False
133,11,7,2.382,38,f,False
134,11,8,2.333,38,f,False
135,11,3,2.332,38,f,False
136,11,2,2.366,38,f,False
137,11,7,2.349,38,f,False
138,11,1,2.35,38,f,False
139,11,3,2.333,38,f,False
140,11,8,2.349,38,f,False
141,11,2,2.366,38,f,False
142,11,1,2.316,38,f,False
143,11,6,2.365,38,f,False
144,11,4,2.35,38,f,False
145,11,8,2.333,38,f,False
146,11,2,2.365,38,f,False
147,11,8,2.333,38,f,False
148,11,0,2.366,38,f,False
149,11,7,2.333,38,f,False
150,11,2,2.365,38,f,False
151,11,1,2.35,38,f,False
152,12,7,2.397,8,f,False
153,12,2,2.367,8,f,False
154,12,9,2.332,8,f,False
155,12,8,2.349,8,f,False
156,12,7,2.333,8,f,False
157,12,1,2.35,8,f,False
158,12,2,2.367,8,f,False
159,12,7,4.748,8,f,False
160,12,0,2.348,8,f,False
161,12,8,2.333,8,f,False
162,12,7,2.349,8,f,False
163,12,6,2.348,8,f,False
164,12,2,2.333,8,f,False
165,12,6,2.365,8,f,False
166,12,5,2.366,8,f,False
167,12,4,2.349,8,f,False
168,12,7,2.349,8,f,False
169,12,2,2.316,8,f,False
170,12,5,2.366,8,f,False
171,12,1,3.232,8,f,False
172,12,8,2.365,8,f,False
173,12,0,2.333,8,f,False
174,12,5,2.365,8,f,False
175,12,2,2.333,8,f,False
176,12,4,2.366,8,f,False
177,12,8,2.349,8,f,False
178,12,0,2.333,8,f,False
179,12,5,2.366,8,f,False
180,12,3,2.333,8,f,False
181,12,5,2.348,8,f,False
182,12,2,2.366,8,f,False
183,12,6,2.332,8,f,False
184,12,7,2.35,8,f,False
185,12,8,2.366,8,f,False
186,12,3,2.334,8,f,False
187,12,2,4.147,8,f,False
188,12,7,2.348,8,f,False
189,12,1,4.148,8,f,False
190,12,3,2.35,8,f,False
191,12,8,2.365,8,f,False
192,12,2,2.332,8,f,False
193,12,1,2.35,8,f,False
194,12,6,4.148,8,f,False
195,12,4,3.565,8,f,False
196,12,8,2.315,8,f,False
197,12,2,2.383,8,f,False
198,12,8,2.334,8,f,False
199,12,0,2.349,8,f,False
200,12,7,3.248,8,f,False
201,12,2,2.333,8,f,False
202,12,1,3.566,8,f,False
203,13,7,3.264,27,m,True
204,13,2,2.347,27,m,True
205,13,9,2.349,27,m,True
206,13,8,2.334,27,m,True
207,13,7,2.365,27,m,True
208,13,1,2.334,27,m,True
209,13,2,6.246,27,m,True
210,13,7,2.349,27,m,True
211,13,0,2.683,27,m,True
212,13,8,5.914,27,m,True
213,13,7,3.281,27,m,True
214,13,6,7.431,27,m,True
215,13,2,3.231,27,m,True
216,13,6,2.383,27,m,True
217,13,5,4.131,27,m,True
218,13,4,2.332,27,m,True
219,13,7,2.366,27,m,True
220,13,2,8.646,27,m,True
221,13,5,6.847,27,m,True
222,13,1,3.533,27,m,True
223,13,8,2.365,27,m,True
224,13,0,2.351,27,m,True
225,13,5,2.331,27,m,True
226,13,2,2.349,27,m,True
227,13,4,2.366,27,m,True
228,13,8,2.351,27,m,True
229,13,0,2.332,27,m,True
230,13,5,2.366,27,m,True
231,13,3,3.832,27,m,True
232,13,5,5.348,27,m,True
233,13,2,3.232,27,m,True
234,13,6,2.365,27,m,True
235,13,7,4.151,27,m,True
236,13,8,2.346,27,m,True
237,13,3,3.849,27,m,True
238,13,2,4.448,27,m,True
239,13,7,2.364,27,m,True
240,13,1,4.417,27,m,True
241,13,3,2.367,27,m,True
242,13,8,2.346,27,m,True
243,13,2,2.349,27,m,True
244,13,1,2.332,27,m,True
245,13,6,2.35,27,m,True
246,13,4,2.366,27,m,True
247,13,8,3.55,27,m,True
248,13,2,3.863,27,m,True
249,13,8,2.332,27,m,True
250,13,0,2.332,27,m,True
251,13,7,2.365,27,m,True
252,13,2,2.932,27,m,True
253,13,1,2.366,27,m,True
254,14,7,2.497,29,m,False
255,14,2,2.381,29,m,False
256,14,9,2.317,29,m,False
257,14,8,2.35,29,m,False
258,14,7,2.366,29,m,False
259,14,1,2.349,29,m,False
260,14,2,2.35,29,m,False
261,14,7,2.349,29,m,False
262,14,0,2.349,29,m,False
263,14,8,2.366,29,m,False
264,14,7,2.333,29,m,False
265,14,6,2.35,29,m,False
266,14,2,2.348,29,m,False
267,14,6,2.366,29,m,False
268,14,5,2.316,29,m,False
269,14,4,2.366,29,m,False
270,14,7,2.333,29,m,False
271,14,2,2.35,29,m,False
272,14,5,2.351,29,m,False
273,14,1,2.349,29,m,False
274,14,8,2.349,29,m,False
275,14,0,2.382,29,m,False
276,14,5,2.333,29,m,False
277,14,2,2.332,29,m,False
278,14,4,2.349,29,m,False
279,14,8,2.349,29,m,False
280,14,0,2.367,29,m,False
281,14,5,2.315,29,m,False
282,14,3,2.366,29,m,False
283,14,5,2.332,29,m,False
284,14,2,2.365,29,m,False
285,14,6,2.333,29,m,False
286,14,7,2.348,29,m,False
287,14,8,2.333,29,m,False
288,14,3,2.365,29,m,False
289,14,2,2.333,29,m,False
290,14,7,2.382,29,m,False
291,14,1,2.315,29,m,False
292,14,3,2.383,29,m,False
293,14,8,2.332,29,m,False
294,14,2,2.349,29,m,False
295,14,1,2.332,29,m,False
296,14,6,2.365,29,m,False
297,14,4,2.334,29,m,False
298,14,8,2.364,29,m,False
299,14,2,2.349,29,m,False
300,14,8,2.367,29,m,False
301,14,0,2.315,29,m,False
302,14,7,2.366,29,m,False
303,14,2,2.333,29,m,False
304,14,1,2.349,29,m,False
305,15,7,3.245,24,m,True
306,15,2,2.332,24,m,True
307,15,9,2.349,24,m,True
308,15,8,2.35,24,m,True
309,15,7,2.948,24,m,True
310,15,1,3.548,24,m,True
311,15,2,2.334,24,m,True
312,15,7,2.366,24,m,True
313,15,0,2.349,24,m,True
314,15,8,2.349,24,m,True
315,15,7,2.333,24,m,True
316,15,6,2.351,24,m,True
317,15,2,2.348,24,m,True
318,15,6,2.648,24,m,True
319,15,5,2.35,24,m,True
320,15,4,2.365,24,m,True
321,15,7,2.332,24,m,True
322,15,2,2.332,24,m,True
323,15,5,2.666,24,m,True
324,15,1,2.333,24,m,True
325,15,8,2.365,24,m,True
326,15,0,3.549,24,m,True
327,15,5,3.231,24,m,True
328,15,2,2.366,24,m,True
329,15,4,2.349,24,m,True
330,15,8,2.35,24,m,True
331,15,0,4.435,24,m,True
332,15,5,2.362,24,m,True
333,15,3,3.549,24,m,True
334,15,5,2.332,24,m,True
335,15,2,4.149,24,m,True
336,15,6,3.267,24,m,True
337,15,7,2.333,24,m,True
338,15,8,2.965,24,m,True
339,15,3,3.831,24,m,True
340,15,2,2.366,24,m,True
341,15,7,9.262,24,m,True
342,15,1,2.333,24,m,True
343,15,3,2.932,24,m,True
344,15,8,2.964,24,m,True
345,15,2,2.35,24,m,True
346,15,1,2.649,24,m,True
347,15,6,3.849,24,m,True
348,15,4,7.431,24,m,True
349,15,8,2.649,24,m,True
350,15,2,13.462,24,m,True
351,15,8,2.316,24,m,True
352,15,0,2.381,24,m,True
353,15,7,2.95,24,m,True
354,15,2,2.348,24,m,True
355,15,1,2.333,24,m,True
356,16,7,5.579,34,m,False
357,16,2,23.94,34,m,False
358,16,9,7.762,34,m,False
359,16,8,17.342,34,m,False
360,16,7,14.927,34,m,False
361,16,1,47.978,34,m,False
362,16,2,11.029,34,m,False
363,16,7,2.365,34,m,False
364,16,0,6.83,34,m,False
365,16,8,19.159,34,m,False
366,16,7,24.239,34,m,False
367,16,6,7.43,34,m,False
368,16,2,3.266,34,m,False
369,16,6,2.632,34,m,False
370,16,5,4.165,34,m,False
371,16,4,2.331,34,m,False
372,16,7,2.367,34,m,False
373,16,2,5.648,34,m,False
374,16,5,5.946,34,m,False
375,16,1,2.366,34,m,False
376,16,8,2.634,34,m,False
377,16,0,2.348,34,m,False
378,16,5,4.748,34,m,False
379,16,2,2.368,34,m,False
380,16,4,3.513,34,m,False
381,16,8,5.382,34,m,False
382,16,0,2.347,34,m,False
383,16,5,2.317,34,m,False
384,16,3,2.366,34,m,False
385,16,5,2.365,34,m,False
386,16,2,2.616,34,m,False
387,16,6,2.35,34,m,False
388,16,7,2.348,34,m,False
389,16,8,2.366,34,m,False
390,16,3,2.35,34,m,False
391,16,2,2.631,34,m,False
392,16,7,2.35,34,m,False
393,16,1,2.349,34,m,False
394,16,3,2.632,34,m,False
395,16,8,2.382,34,m,False
396,16,2,3.849,34,m,False
397,16,1,14.643,34,m,False
398,16,6,4.432,34,m,False
399,16,4,2.966,34,m,False
400,16,8,2.316,34,m,False
401,16,2,3.549,34,m,False
402,16,8,3.581,34,m,False
403,16,0,2.333,34,m,False
404,16,7,4.747,34,m,False
405,16,2,2.366,34,m,False
406,16,1,2.35,34,m,False
407,17,7,2.18,55,m,True
408,17,2,2.35,55,m,True
409,17,9,2.334,55,m,True
410,17,8,2.65,55,m,True
411,17,7,2.366,55,m,True
412,17,1,2.332,55,m,True
413,17,2,2.366,55,m,True
414,17,7,2.316,55,m,True
415,17,0,2.381,55,m,True
416,17,8,2.333,55,m,True
417,17,7,2.348,55,m,True
418,17,6,2.333,55,m,True
419,17,2,2.349,55,m,True
420,17,6,5.348,55,m,True
421,17,5,4.165,55,m,True
422,17,4,2.35,55,m,True
423,17,7,2.366,55,m,True
424,17,2,2.316,55,m,True
425,17,5,2.365,55,m,True
426,17,1,5.931,55,m,True
427,17,8,2.366,55,m,True
428,17,0,3.831,55,m,True
429,17,5,5.048,55,m,True
430,17,2,5.048,55,m,True
431,17,4,3.547,55,m,True
432,17,8,2.367,55,m,True
433,17,0,3.548,55,m,True
434,17,5,2.333,55,m,True
435,17,3,5.081,55,m,True
436,17,5,2.3,55,m,True
437,17,2,25.47,55,m,True
438,17,6,3.532,55,m,True
439,17,7,11.079,55,m,True
440,17,8,13.128,55,m,True
441,17,3,11.661,55,m,True
442,17,2,3.548,55,m,True
443,17,7,2.35,55,m,True
444,17,1,4.748,55,m,True
445,17,3,2.366,55,m,True
446,17,8,2.649,55,m,True
447,17,2,2.332,55,m,True
448,17,1,5.348,55,m,True
449,17,6,5.299,55,m,True
450,17,4,16.16,55,m,True
451,17,8,2.632,55,m,True
452,17,2,2.349,55,m,True
453,17,8,2.333,55,m,True
454,17,0,2.351,55,m,True
455,17,7,4.746,55,m,True
456,17,2,2.665,55,m,True
457,17,1,3.548,55,m,True
458,18,7,5.129,26,m,True
459,18,2,9.844,26,m,True
460,18,9,4.449,26,m,True
461,18,8,3.831,26,m,True
462,18,7,2.384,26,m,True
463,18,1,2.332,26,m,True
464,18,2,3.249,26,m,True
465,18,7,2.332,26,m,True
466,18,0,2.382,26,m,True
467,18,8,13.41,26,m,True
468,18,7,2.966,26,m,True
469,18,6,6.814,26,m,True
470,18,2,6.597,26,m,True
471,18,6,2.314,26,m,True
472,18,5,5.349,26,m,True
473,18,4,2.349,26,m,True
474,18,7,27.57,26,m,True
475,18,2,4.749,26,m,True
476,18,5,2.331,26,m,True
477,18,1,5.365,26,m,True
478,18,8,3.848,26,m,True
479,18,0,3.549,26,m,True
480,18,5,5.63,26,m,True
481,18,2,6.864,26,m,True
482,18,4,2.349,26,m,True
483,18,8,3.549,26,m,True
484,18,0,4.431,26,m,True
485,18,5,2.667,26,m,True
486,18,3,2.332,26,m,True
487,18,5,2.35,26,m,True
488,18,2,5.647,26,m,True
489,18,6,3.547,26,m,True
490,18,7,2.332,26,m,True
491,18,8,2.366,26,m,True
492,18,3,2.333,26,m,True
493,18,2,2.684,26,m,True
494,18,7,18.225,26,m,True
495,18,1,2.349,26,m,True
496,18,3,5.065,26,m,True
497,18,8,2.316,26,m,True
498,18,2,2.35,26,m,True
499,18,1,2.382,26,m,True
500,18,6,4.131,26,m,True
501,18,4,2.349,26,m,True
502,18,8,2.332,26,m,True
503,18,2,2.365,26,m,True
504,18,8,5.631,26,m,True
505,18,0,2.366,26,m,True
506,18,7,3.848,26,m,True
507,18,2,5.063,26,m,True
508,18,1,2.635,26,m,True
509,19,7,4.329,31,m,False
510,19,2,2.349,31,m,False
511,19,9,2.317,31,m,False
512,19,8,2.366,31,m,False
513,19,7,2.332,31,m,False
514,19,1,2.382,31,m,False
515,19,2,3.216,31,m,False
516,19,7,2.666,31,m,False
517,19,0,2.366,31,m,False
518,19,8,2.333,31,m,False
519,19,7,2.316,31,m,False
520,19,6,2.365,31,m,False
521,19,2,2.366,31,m,False
522,19,6,2.351,31,m,False
523,19,5,2.334,31,m,False
524,19,4,2.366,31,m,False
525,19,7,4.447,31,m,False
526,19,2,2.333,31,m,False
527,19,5,2.348,31,m,False
528,19,1,2.35,31,m,False
529,19,8,2.349,31,m,False
530,19,0,2.349,31,m,False
531,19,5,2.349,31,m,False
532,19,2,2.333,31,m,False
533,19,4,2.349,31,m,False
534,19,8,3.853,31,m,False
535,19,0,2.362,31,m,False
536,19,5,2.364,31,m,False
537,19,3,2.334,31,m,False
538,19,5,2.35,31,m,False
539,19,2,2.349,31,m,False
540,19,6,2.349,31,m,False
541,19,7,2.332,31,m,False
542,19,8,2.366,31,m,False
543,19,3,2.349,31,m,False
544,19,2,2.333,31,m,False
545,19,7,2.349,31,m,False
546,19,1,2.364,31,m,False
547,19,3,2.333,31,m,False
548,19,8,2.367,31,m,False
549,19,2,2.331,31,m,False
550,19,1,2.366,31,m,False
551,19,6,2.316,31,m,False
552,19,4,2.381,31,m,False
553,19,8,2.616,31,m,False
554,19,2,2.366,31,m,False
555,19,8,2.366,31,m,False
556,19,0,2.315,31,m,False
557,19,7,2.367,31,m,False
558,19,2,2.351,31,m,False
559,19,1,2.333,31,m,False
560,20,2,3.832,37,m,False
561,20,9,7.131,37,m,False
562,20,8,2.399,37,m,False
563,20,7,2.315,37,m,False
564,20,1,2.35,37,m,False
565,20,2,2.366,37,m,False
566,20,7,2.332,37,m,False
567,20,0,2.349,37,m,False
568,20,8,3.549,37,m,False
569,20,7,2.332,37,m,False
570,20,6,2.35,37,m,False
571,20,2,2.349,37,m,False
572,20,6,2.365,37,m,False
573,20,5,2.333,37,m,False
574,20,4,3.882,37,m,False
575,20,7,3.531,37,m,False
576,20,2,2.352,37,m,False
577,20,5,3.247,37,m,False
578,20,1,9.229,37,m,False
579,20,8,2.366,37,m,False
580,20,0,8.646,37,m,False
581,20,5,2.333,37,m,False
582,20,2,2.366,37,m,False
583,20,4,2.333,37,m,False
584,20,8,2.366,37,m,False
585,20,0,5.631,37,m,False
586,20,5,2.349,37,m,False
587,20,3,2.383,37,m,False
588,20,5,2.3,37,m,False
589,20,2,2.398,37,m,False
590,20,6,4.732,37,m,False
591,20,7,2.349,37,m,False
592,20,8,2.351,37,m,False
593,20,3,2.332,37,m,False
594,20,2,3.565,37,m,False
595,20,7,8.03,37,m,False
596,20,1,2.365,37,m,False
597,20,3,2.35,37,m,False
598,20,8,2.318,37,m,False
599,20,2,2.364,37,m,False
600,20,1,2.347,37,m,False
601,20,6,2.367,37,m,False
602,20,4,2.316,37,m,False
603,20,8,2.683,37,m,False
604,20,2,2.9,37,m,False
605,20,8,3.584,37,m,False
606,20,0,5.029,37,m,False
607,20,7,2.349,37,m,False
608,20,2,2.349,37,m,False
609,20,1,2.367,37,m,False
610,21,7,2.764,40,m,False
611,21,2,2.349,40,m,False
612,21,9,3.249,40,m,False
613,21,8,7.146,40,m,False
614,21,7,2.333,40,m,False
615,21,1,2.366,40,m,False
616,21,2,2.365,40,m,False
617,21,7,6.831,40,m,False
618,21,0,2.331,40,m,False
619,21,8,2.383,40,m,False
620,21,7,10.43,40,m,False
621,21,6,7.146,40,m,False
622,21,2,2.332,40,m,False
623,21,6,2.366,40,m,False
624,21,5,2.332,40,m,False
625,21,4,2.348,40,m,False
626,21,7,6.566,40,m,False
627,21,2,2.348,40,m,False
628,21,5,2.333,40,m,False
629,21,1,2.349,40,m,False
630,21,8,9.545,40,m,False
631,21,0,2.35,40,m,False
632,21,5,6.581,40,m,False
633,21,2,43.114,40,m,False
634,21,4,2.365,40,m,False
635,21,8,6.864,40,m,False
636,21,5,2.349,40,m,False
637,21,3,3.25,40,m,False
638,21,5,2.365,40,m,False
639,21,2,2.632,40,m,False
640,21,6,3.866,40,m,False
641,21,7,10.747,40,m,False
642,21,8,10.446,40,m,False
643,21,3,2.349,40,m,False
644,21,2,4.732,40,m,False
645,21,7,2.365,40,m,False
646,21,1,5.647,40,m,False
647,21,3,5.948,40,m,False
648,21,8,13.144,40,m,False
649,21,2,2.666,40,m,False
650,21,1,5.031,40,m,False
651,21,6,50.944,40,m,False
652,21,4,62.353,40,m,False
653,21,8,9.264,40,m,False
654,21,2,65.337,40,m,False
655,21,8,4.764,40,m,False
656,21,0,3.549,40,m,False
657,21,7,3.831,40,m,False
658,21,2,2.349,40,m,False
659,21,1,2.368,40,m,False
660,23,7,2.796,29,m,False
661,23,2,2.365,29,m,False
662,23,9,2.332,29,m,False
663,23,8,2.332,29,m,False
664,23,7,2.349,29,m,False
665,23,1,2.35,29,m,False
666,23,2,2.35,29,m,False
667,23,7,2.365,29,m,False
668,23,0,2.35,29,m,False
669,23,8,2.332,29,m,False
670,23,7,2.348,29,m,False
671,23,6,5.066,29,m,False
672,23,2,2.348,29,m,False
673,23,6,2.349,29,m,False
674,23,5,2.333,29,m,False
675,23,4,2.348,29,m,False
676,23,7,2.368,29,m,False
677,23,2,10.444,29,m,False
678,23,5,4.448,29,m,False
679,23,1,2.334,29,m,False
680,23,8,4.148,29,m,False
681,23,0,2.35,29,m,False
682,23,5,2.332,29,m,False
683,23,2,2.382,29,m,False
684,23,4,2.331,29,m,False
685,23,8,2.35,29,m,False
686,23,0,2.35,29,m,False
687,23,5,2.348,29,m,False
688,23,3,3.848,29,m,False
689,23,5,3.849,29,m,False
690,23,2,2.948,29,m,False
691,23,6,2.649,29,m,False
692,23,7,2.349,29,m,False
693,23,8,2.349,29,m,False
694,23,3,6.847,29,m,False
695,23,2,2.349,29,m,False
696,23,7,2.366,29,m,False
697,23,1,2.315,29,m,False
698,23,3,2.365,29,m,False
699,23,8,2.349,29,m,False
700,23,2,2.349,29,m,False
701,23,1,2.335,29,m,False
702,23,6,2.347,29,m,False
703,23,4,2.35,29,m,False
704,23,8,4.465,29,m,False
705,23,2,3.817,29,m,False
706,23,8,4.463,29,m,False
707,23,0,2.348,29,m,False
708,23,7,2.35,29,m,False
709,23,2,2.333,29,m,False
710,23,1,2.381,29,m,False
711,24,7,5.314,68,f,False
712,24,2,4.482,68,f,False
713,24,9,6.546,68,f,False
714,24,8,14.61,68,f,False
715,24,7,6.864,68,f,False
716,24,1,37.748,68,f,False
717,24,2,7.447,68,f,False
718,24,7,4.748,68,f,False
719,24,0,48.261,68,f,False
720,24,8,58.44,68,f,False
721,24,6,4.149,68,f,False
722,24,2,2.965,68,f,False
723,24,6,26.038,68,f,False
724,24,5,3.848,68,f,False
725,24,4,4.448,68,f,False
726,24,7,2.368,68,f,False
727,24,2,11.643,68,f,False
728,24,5,2.632,68,f,False
729,24,1,50.327,68,f,False
730,24,8,47.079,68,f,False
731,24,0,14.044,68,f,False
732,24,5,11.645,68,f,False
733,24,2,50.962,68,f,False
734,24,4,6.23,68,f,False
735,24,8,47.644,68,f,False
736,24,0,48.861,68,f,False
737,24,5,6.548,68,f,False
738,24,3,7.164,68,f,False
739,24,5,52.126,68,f,False
740,24,2,2.365,68,f,False
741,24,6,11.645,68,f,False
742,24,7,4.465,68,f,False
743,24,8,11.328,68,f,False
744,24,3,2.367,68,f,False
745,24,2,2.932,68,f,False
746,24,7,2.333,68,f,False
747,24,1,2.349,68,f,False
748,24,3,7.446,68,f,False
749,24,8,102.571,68,f,False
750,24,2,20.64,68,f,False
751,24,1,27.555,68,f,False
752,24,6,7.445,68,f,False
753,24,4,7.132,68,f,False
754,24,8,2.983,68,f,False
755,24,2,72.233,68,f,False
756,24,8,9.546,68,f,False
757,24,0,3.832,68,f,False
758,24,7,6.246,68,f,False
759,24,1,5.632,68,f,False
760,26,7,4.796,23,m,True
761,26,2,3.547,23,m,True
762,26,9,3.532,23,m,True
763,26,8,2.367,23,m,True
764,26,7,2.332,23,m,True
765,26,1,2.348,23,m,True
766,26,2,2.366,23,m,True
767,26,7,2.367,23,m,True
768,26,0,2.315,23,m,True
769,26,8,2.349,23,m,True
770,26,7,2.351,23,m,True
771,26,6,2.366,23,m,True
772,26,2,2.315,23,m,True
773,26,6,2.382,23,m,True
774,26,5,2.334,23,m,True
775,26,4,2.364,23,m,True
776,26,7,2.316,23,m,True
777,26,2,2.35,23,m,True
778,26,5,2.349,23,m,True
779,26,1,2.384,23,m,True
780,26,8,2.316,23,m,True
781,26,0,5.351,23,m,True
782,26,5,2.379,23,m,True
783,26,2,2.599,23,m,True
784,26,4,2.365,23,m,True
785,26,8,6.848,23,m,True
786,26,0,2.349,23,m,True
787,26,5,2.35,23,m,True
788,26,3,2.349,23,m,True
789,26,5,2.349,23,m,True
790,26,2,2.349,23,m,True
791,26,6,2.367,23,m,True
792,26,7,2.316,23,m,True
793,26,8,2.382,23,m,True
794,26,3,2.315,23,m,True
795,26,2,2.366,23,m,True
796,26,7,2.351,23,m,True
797,26,1,2.365,23,m,True
798,26,3,2.316,23,m,True
799,26,8,2.349,23,m,True
800,26,2,2.382,23,m,True
801,26,1,2.333,23,m,True
802,26,6,2.333,23,m,True
803,26,4,2.349,23,m,True
804,26,8,2.365,23,m,True
805,26,2,2.317,23,m,True
806,26,8,2.351,23,m,True
807,26,0,2.346,23,m,True
808,26,7,2.367,23,m,True
809,26,2,4.747,23,m,True
810,27,7,2.228,39,f,False
811,27,2,2.367,39,f,False
812,27,9,2.35,39,f,False
813,27,8,2.349,39,f,False
814,27,7,2.339,39,f,False
815,27,1,8.379,39,f,False
816,27,2,2.932,39,f,False
817,27,7,5.065,39,f,False
818,27,0,5.965,39,f,False
819,27,8,4.414,39,f,False
820,27,7,2.349,39,f,False
821,27,6,6.848,39,f,False
822,27,2,2.349,39,f,False
823,27,6,2.948,39,f,False
824,27,5,2.366,39,f,False
825,27,4,2.332,39,f,False
826,27,7,2.366,39,f,False
827,27,2,2.333,39,f,False
828,27,5,2.333,39,f,False
829,27,1,2.348,39,f,False
830,27,8,3.249,39,f,False
831,27,0,6.247,39,f,False
832,27,5,2.366,39,f,False
833,27,2,2.348,39,f,False
834,27,4,2.349,39,f,False
835,27,8,2.349,39,f,False
836,27,0,2.649,39,f,False
837,27,5,2.349,39,f,False
838,27,3,3.532,39,f,False
839,27,5,2.366,39,f,False
840,27,2,2.315,39,f,False
841,27,6,2.383,39,f,False
842,27,7,2.316,39,f,False
843,27,8,3.882,39,f,False
844,27,3,2.348,39,f,False
845,27,2,2.332,39,f,False
846,27,7,2.367,39,f,False
847,27,1,2.349,39,f,False
848,27,3,2.351,39,f,False
849,27,8,2.349,39,f,False
850,27,2,2.332,39,f,False
851,27,1,2.349,39,f,False
852,27,6,2.366,39,f,False
853,27,4,2.316,39,f,False
854,27,8,2.366,39,f,False
855,27,2,2.349,39,f,False
856,27,8,6.547,39,f,False
857,27,0,2.349,39,f,False
858,27,7,2.349,39,f,False
859,27,2,2.333,39,f,False
860,27,1,2.35,39,f,False
861,28,7,2.896,31,m,False
862,28,2,3.848,31,m,False
863,28,9,2.333,31,m,False
864,28,8,2.366,31,m,False
865,28,7,2.332,31,m,False
866,28,1,2.366,31,m,False
867,28,2,3.832,31,m,False
868,28,7,2.384,31,m,False
869,28,0,2.332,31,m,False
870,28,8,2.332,31,m,False
871,28,7,3.249,31,m,False
872,28,6,3.865,31,m,False
873,28,2,2.333,31,m,False
874,28,6,2.366,31,m,False
875,28,5,2.332,31,m,False
876,28,4,2.333,31,m,False
877,28,7,2.382,31,m,False
878,28,2,4.448,31,m,False
879,28,5,2.632,31,m,False
880,28,1,2.332,31,m,False
881,28,8,2.366,31,m,False
882,28,0,4.749,31,m,False
883,28,5,2.648,31,m,False
884,28,2,2.349,31,m,False
885,28,4,2.367,31,m,False
886,28,8,2.316,31,m,False
887,28,0,5.381,31,m,False
888,28,5,2.332,31,m,False
889,28,3,2.932,31,m,False
890,28,5,2.348,31,m,False
891,28,2,2.366,31,m,False
892,28,6,2.332,31,m,False
893,28,7,5.35,31,m,False
894,28,8,2.364,31,m,False
895,28,3,4.148,31,m,False
896,28,2,2.366,31,m,False
897,28,7,2.348,31,m,False
898,28,1,2.316,31,m,False
899,28,3,2.349,31,m,False
900,28,8,2.349,31,m,False
901,28,2,2.349,31,m,False
902,28,1,2.365,31,m,False
903,28,6,2.932,31,m,False
904,28,4,2.333,31,m,False
905,28,8,3.265,31,m,False
906,28,2,2.365,31,m,False
907,28,8,2.333,31,m,False
908,28,0,2.332,31,m,False
909,28,7,2.383,31,m,False
910,28,2,2.331,31,m,False
911,28,1,2.333,31,m,False
912,29,7,3.33,16,m,False
913,29,2,3.849,16,m,False
914,29,9,2.348,16,m,False
915,29,8,2.332,16,m,False
916,29,7,2.382,16,m,False
917,29,1,6.231,16,m,False
918,29,2,3.548,16,m,False
919,29,7,2.316,16,m,False
920,29,0,3.849,16,m,False
921,29,8,2.666,16,m,False
922,29,7,2.349,16,m,False
923,29,6,2.332,16,m,False
924,29,2,2.366,16,m,False
925,29,6,2.332,16,m,False
926,29,5,2.384,16,m,False
927,29,4,4.748,16,m,False
928,29,7,2.315,16,m,False
929,29,2,2.383,16,m,False
930,29,5,2.315,16,m,False
931,29,1,2.349,16,m,False
932,29,8,2.366,16,m,False
933,29,0,5.031,16,m,False
934,29,5,2.349,16,m,False
935,29,2,3.248,16,m,False
936,29,4,2.667,16,m,False
937,29,8,2.333,16,m,False
938,29,0,2.348,16,m,False
939,29,5,2.332,16,m,False
940,29,3,2.367,16,m,False
941,29,5,2.349,16,m,False
942,29,2,2.349,16,m,False
943,29,6,2.348,16,m,False
944,29,7,2.351,16,m,False
945,29,8,2.347,16,m,False
946,29,3,3.548,16,m,False
947,29,2,2.333,16,m,False
948,29,7,2.351,16,m,False
949,29,1,2.347,16,m,False
950,29,3,2.351,16,m,False
951,29,8,2.365,16,m,False
952,29,2,2.333,16,m,False
953,29,1,4.164,16,m,False
954,29,6,2.349,16,m,False
955,29,4,3.817,16,m,False
956,29,8,2.365,16,m,False
957,29,2,2.366,16,m,False
958,29,8,7.146,16,m,False
959,29,0,2.35,16,m,False
960,29,7,2.316,16,m,False
961,29,2,2.367,16,m,False
962,29,1,2.349,16,m,False
963,3,7,2.729,8,f,False
964,3,2,4.698,8,f,False
965,3,9,4.131,8,f,False
966,3,8,5.348,8,f,False
967,3,7,2.65,8,f,False
968,3,1,7.164,8,f,False
969,3,2,5.664,8,f,False
970,3,7,2.331,8,f,False
971,3,0,2.35,8,f,False
972,3,8,2.333,8,f,False
973,3,7,2.366,8,f,False
974,3,6,2.349,8,f,False
975,3,2,2.349,8,f,False
976,3,6,2.35,8,f,False
977,3,5,2.332,8,f,False
978,3,4,5.963,8,f,False
979,3,7,2.65,8,f,False
980,3,2,3.548,8,f,False
981,3,5,2.349,8,f,False
982,3,1,3.532,8,f,False
983,3,8,2.332,8,f,False
984,3,0,3.882,8,f,False
985,3,5,2.332,8,f,False
986,3,2,2.349,8,f,False
987,3,4,2.366,8,f,False
988,3,8,2.348,8,f,False
989,3,0,3.515,8,f,False
990,3,5,2.35,8,f,False
991,3,3,2.348,8,f,False
992,3,5,2.365,8,f,False
993,3,2,3.549,8,f,False
994,3,6,2.333,8,f,False
995,3,7,2.366,8,f,False
996,3,8,2.333,8,f,False
997,3,3,4.447,8,f,False
998,3,2,3.566,8,f,False
999,3,7,2.365,8,f,False
1000,3,1,3.515,8,f,False
1001,3,3,2.35,8,f,False
1002,3,8,4.164,8,f,False
1003,3,2,4.132,8,f,False
1004,3,1,2.666,8,f,False
1005,3,6,2.367,8,f,False
1006,3,4,2.299,8,f,False
1007,3,8,2.365,8,f,False
1008,3,2,2.365,8,f,False
1009,3,8,2.333,8,f,False
1010,3,0,3.248,8,f,False
1011,3,7,5.647,8,f,False
1012,3,2,2.349,8,f,False
1013,3,1,4.45,8,f,False
1014,30,2,2.333,6,m,True
1015,30,9,2.683,6,m,True
1016,30,8,2.332,6,m,True
1017,30,7,8.329,6,m,True
1018,30,1,9.563,6,m,True
1019,30,2,5.931,6,m,True
1020,30,7,2.365,6,m,True
1021,30,0,8.031,6,m,True
1022,30,8,3.548,6,m,True
1023,30,7,11.061,6,m,True
1024,30,6,4.132,6,m,True
1025,30,2,4.448,6,m,True
1026,30,6,10.762,6,m,True
1027,30,5,4.448,6,m,True
1028,30,4,4.449,6,m,True
1029,30,7,8.345,6,m,True
1030,30,2,12.262,6,m,True
1031,30,5,14.944,6,m,True
1032,30,1,4.132,6,m,True
1033,30,8,5.664,6,m,True
1034,30,0,8.93,6,m,True
1035,30,5,14.044,6,m,True
1036,30,2,20.641,6,m,True
1037,30,4,10.145,6,m,True
1038,30,8,2.384,6,m,True
1039,30,0,28.454,6,m,True
1040,30,5,23.022,6,m,True
1041,30,3,57.258,6,m,True
1042,30,5,18.242,6,m,True
1043,30,2,57.258,6,m,True
1044,30,6,14.361,6,m,True
1045,30,7,2.317,6,m,True
1046,30,8,93.875,6,m,True
1047,30,3,56.657,6,m,True
1048,30,2,32.935,6,m,True
1049,30,7,11.345,6,m,True
1050,30,1,11.047,6,m,True
1051,30,3,9.862,6,m,True
1052,30,8,12.262,6,m,True
1053,30,2,44.046,6,m,True
1054,30,1,13.444,6,m,True
1055,30,6,32.036,6,m,True
1056,30,4,18.841,6,m,True
1057,30,8,10.179,6,m,True
1058,30,2,14.011,6,m,True
1059,30,8,2.381,6,m,True
1060,30,0,6.214,6,m,True
1061,30,7,2.649,6,m,True
1062,30,2,15.576,6,m,True
1063,30,1,3.851,6,m,True
1064,4,7,4.212,33,f,True
1065,4,2,9.862,33,f,True
1066,4,9,3.532,33,f,True
1067,4,8,2.366,33,f,True
1068,4,7,11.662,33,f,True
1069,4,1,5.314,33,f,True
1070,4,2,6.88,33,f,True
1071,4,7,8.347,33,f,True
1072,4,0,7.13,33,f,True
1073,4,8,4.148,33,f,True
1074,4,7,13.777,33,f,True
1075,4,6,7.43,33,f,True
1076,4,2,2.366,33,f,True
1077,4,6,9.529,33,f,True
1078,4,5,3.532,33,f,True
1079,4,4,2.349,33,f,True
1080,4,7,2.349,33,f,True
1081,4,2,2.366,33,f,True
1082,4,5,2.349,33,f,True
1083,4,1,2.366,33,f,True
1084,4,8,2.315,33,f,True
1085,4,0,2.366,33,f,True
1086,4,5,2.348,33,f,True
1087,4,2,2.349,33,f,True
1088,4,4,2.35,33,f,True
1089,4,8,3.248,33,f,True
1090,4,0,2.334,33,f,True
1091,4,5,8.079,33,f,True
1092,4,3,5.632,33,f,True
1093,4,5,4.431,33,f,True
1094,4,2,2.349,33,f,True
1095,4,6,2.35,33,f,True
1096,4,7,5.046,33,f,True
1097,4,8,2.351,33,f,True
1098,4,3,6.263,33,f,True
1099,4,2,2.349,33,f,True
1100,4,7,2.632,33,f,True
1101,4,1,2.365,33,f,True
1102,4,3,2.349,33,f,True
1103,4,8,2.333,33,f,True
1104,4,2,2.333,33,f,True
1105,4,1,2.365,33,f,True
1106,4,6,2.35,33,f,True
1107,4,4,2.332,33,f,True
1108,4,8,2.982,33,f,True
1109,4,2,2.333,33,f,True
1110,4,8,2.332,33,f,True
1111,4,0,3.548,33,f,True
1112,4,7,2.35,33,f,True
1113,4,2,2.965,33,f,True
1114,4,1,2.332,33,f,True
1115,5,7,3.115,35,f,True
1116,5,2,2.357,35,f,True
1117,5,9,2.339,35,f,True
1118,5,8,2.359,35,f,True
1119,5,7,2.357,35,f,True
1120,5,1,2.346,35,f,True
1121,5,2,2.332,35,f,True
1122,5,7,2.333,35,f,True
1123,5,0,2.385,35,f,True
1124,5,8,2.331,35,f,True
1125,5,7,2.359,35,f,True
1126,5,6,2.344,35,f,True
1127,5,2,2.333,35,f,True
1128,5,6,2.345,35,f,True
1129,5,5,2.373,35,f,True
1130,5,4,2.331,35,f,True
1131,5,7,2.358,35,f,True
1132,5,2,2.346,35,f,True
1133,5,5,2.331,35,f,True
1134,5,1,5.677,35,f,True
1135,5,8,2.333,35,f,True
1136,5,0,2.332,35,f,True
1137,5,5,2.372,35,f,True
1138,5,2,2.345,35,f,True
1139,5,4,2.665,35,f,True
1140,5,8,2.333,35,f,True
1141,5,0,2.638,35,f,True
1142,5,5,2.359,35,f,True
1143,5,3,2.639,35,f,True
1144,5,5,2.358,35,f,True
1145,5,2,2.638,35,f,True
1146,5,6,2.359,35,f,True
1147,5,7,2.358,35,f,True
1148,5,8,2.333,35,f,True
1149,5,3,4.13,35,f,True
1150,5,2,2.373,35,f,True
1151,5,7,2.958,35,f,True
1152,5,1,2.331,35,f,True
1153,5,3,2.359,35,f,True
1154,5,8,2.333,35,f,True
1155,5,2,2.345,35,f,True
1156,5,1,2.357,35,f,True
1157,5,6,2.374,35,f,True
1158,5,4,2.305,35,f,True
1159,5,8,2.345,35,f,True
1160,5,2,2.385,35,f,True
1161,5,8,2.346,35,f,True
1162,5,0,2.345,35,f,True
1163,5,7,2.319,35,f,True
1164,5,2,4.784,35,f,True
1165,5,1,2.333,35,f,True
1166,6,7,9.66,13,m,False
1167,6,2,28.753,13,m,False
1168,6,9,17.025,13,m,False
1169,6,8,2.665,13,m,False
1170,6,7,6.547,13,m,False
1171,6,1,6.249,13,m,False
1172,6,2,5.03,13,m,False
1173,6,7,8.063,13,m,False
1174,6,0,2.349,13,m,False
1175,6,8,4.148,13,m,False
1176,6,7,2.333,13,m,False
1177,6,6,11.377,13,m,False
1178,6,2,6.848,13,m,False
1179,6,6,3.815,13,m,False
1180,6,5,2.367,13,m,False
1181,6,4,2.365,13,m,False
1182,6,7,3.55,13,m,False
1183,6,2,8.645,13,m,False
1184,6,5,4.148,13,m,False
1185,6,1,16.428,13,m,False
1186,6,8,7.146,13,m,False
1187,6,0,3.549,13,m,False
1188,6,5,8.962,13,m,False
1189,6,2,15.527,13,m,False
1190,6,4,2.383,13,m,False
1191,6,8,2.947,13,m,False
1192,6,0,2.316,13,m,False
1193,6,5,8.081,13,m,False
1194,6,3,5.648,13,m,False
1195,6,5,3.248,13,m,False
1196,6,2,2.333,13,m,False
1197,6,6,2.333,13,m,False
1198,6,7,3.548,13,m,False
1199,6,8,6.581,13,m,False
1200,6,3,2.315,13,m,False
1201,6,2,2.366,13,m,False
1202,6,7,3.566,13,m,False
1203,6,1,2.615,13,m,False
1204,6,3,2.348,13,m,False
1205,6,8,2.365,13,m,False
1206,6,2,6.565,13,m,False
1207,6,1,2.333,13,m,False
1208,6,6,3.532,13,m,False
1209,6,4,2.366,13,m,False
1210,6,2,2.35,13,m,False
1211,6,8,3.565,13,m,False
1212,6,0,2.931,13,m,False
1213,6,7,2.332,13,m,False
1214,6,2,2.35,13,m,False
1215,6,1,2.366,13,m,False
1216,7,7,4.231,9,m,False
1217,7,2,2.316,9,m,False
1218,7,9,3.865,9,m,False
1219,7,8,2.348,9,m,False
1220,7,7,4.435,9,m,False
1221,7,1,4.778,9,m,False
1222,7,2,2.333,9,m,False
1223,7,7,2.332,9,m,False
1224,7,0,2.399,9,m,False
1225,7,8,2.316,9,m,False
1226,7,7,2.349,9,m,False
1227,7,6,5.931,9,m,False
1228,7,2,3.864,9,m,False
1229,7,6,2.349,9,m,False
1230,7,5,2.332,9,m,False
1231,7,4,2.35,9,m,False
1232,7,7,8.645,9,m,False
1233,7,2,2.366,9,m,False
1234,7,5,2.367,9,m,False
1235,7,1,2.315,9,m,False
1236,7,8,2.334,9,m,False
1237,7,0,6.563,9,m,False
1238,7,5,14.661,9,m,False
1239,7,2,2.333,9,m,False
1240,7,4,2.366,9,m,False
1241,7,8,2.349,9,m,False
1242,7,0,4.132,9,m,False
1243,7,5,2.349,9,m,False
1244,7,3,3.866,9,m,False
1245,7,5,2.332,9,m,False
1246,7,2,2.365,9,m,False
1247,7,6,2.333,9,m,False
1248,7,7,5.649,9,m,False
1249,7,8,2.332,9,m,False
1250,7,3,2.366,9,m,False
1251,7,2,2.349,9,m,False
1252,7,7,9.529,9,m,False
1253,7,1,3.882,9,m,False
1254,7,3,2.35,9,m,False
1255,7,8,2.332,9,m,False
1256,7,2,2.365,9,m,False
1257,7,1,4.664,9,m,False
1258,7,6,2.383,9,m,False
1259,7,4,2.333,9,m,False
1260,7,8,2.365,9,m,False
1261,7,2,2.316,9,m,False
1262,7,8,2.333,9,m,False
1263,7,0,7.48,9,m,False
1264,7,7,2.333,9,m,False
1265,7,2,2.381,9,m,False
1266,7,1,2.334,9,m,False
1267,8,7,2.631,11,m,False
1268,8,2,2.348,11,m,False
1269,8,9,2.372,11,m,False
1270,8,8,2.332,11,m,False
1271,8,7,2.366,11,m,False
1272,8,1,2.35,11,m,False
1273,8,2,2.332,11,m,False
1274,8,7,2.365,11,m,False
1275,8,0,2.333,11,m,False
1276,8,8,2.365,11,m,False
1277,8,7,2.35,11,m,False
1278,8,6,2.333,11,m,False
1279,8,2,2.349,11,m,False
1280,8,6,3.548,11,m,False
1281,8,5,2.366,11,m,False
1282,8,4,2.334,11,m,False
1283,8,7,2.348,11,m,False
1284,8,2,2.365,11,m,False
1285,8,5,2.333,11,m,False
1286,8,1,2.333,11,m,False
1287,8,8,2.365,11,m,False
1288,8,0,2.366,11,m,False
1289,8,5,2.333,11,m,False
1290,8,2,2.316,11,m,False
1291,8,4,2.382,11,m,False
1292,8,8,2.35,11,m,False
1293,8,0,3.531,11,m,False
1294,8,5,2.349,11,m,False
1295,8,3,2.352,11,m,False
1296,8,5,2.347,11,m,False
1297,8,2,2.348,11,m,False
1298,8,6,4.165,11,m,False
1299,8,7,3.232,11,m,False
1300,8,8,2.348,11,m,False
1301,8,3,4.15,11,m,False
1302,8,2,2.349,11,m,False
1303,8,7,2.349,11,m,False
1304,8,1,2.367,11,m,False
1305,8,3,2.648,11,m,False
1306,8,8,2.332,11,m,False
1307,8,2,2.366,11,m,False
1308,8,1,2.316,11,m,False
1309,8,6,2.648,11,m,False
1310,8,4,2.366,11,m,False
1311,8,8,2.949,11,m,False
1312,8,2,2.349,11,m,False
1313,8,8,4.147,11,m,False
1314,8,0,4.748,11,m,False
1315,8,7,2.35,11,m,False
1316,8,2,2.348,11,m,False
1317,8,1,2.35,11,m,False
1318,9,7,8.977,49,m,True
1319,9,2,10.113,49,m,True
1320,9,9,48.245,49,m,True
1321,9,8,36.549,49,m,True
1322,9,7,7.465,49,m,True
1323,9,1,20.64,49,m,True
1324,9,2,22.457,49,m,True
1325,9,7,16.441,49,m,True
1326,9,0,21.258,49,m,True
1327,9,8,15.243,49,m,True
1328,9,7,6.83,49,m,True
1329,9,6,2.35,49,m,True
1330,9,2,20.657,49,m,True
1331,9,6,14.36,49,m,True
1332,9,5,8.631,49,m,True
1333,9,4,8.647,49,m,True
1334,9,7,6.846,49,m,True
1335,9,2,2.365,49,m,True
1336,9,5,18.543,49,m,True
1337,9,1,14.96,49,m,True
1338,9,8,2.349,49,m,True
1339,9,0,14.326,49,m,True
1340,9,5,5.648,49,m,True
1341,9,2,27.554,49,m,True
1342,9,4,7.465,49,m,True
1343,9,8,4.748,49,m,True
1344,9,0,5.364,49,m,True
1345,9,5,67.119,49,m,True
1346,9,3,89.961,49,m,True
1347,9,5,8.646,49,m,True
1348,9,2,5.649,49,m,True
1349,9,6,20.039,49,m,True
1350,9,7,12.245,49,m,True
1351,9,8,13.462,49,m,True
1352,9,3,2.334,49,m,True
1353,9,2,8.079,49,m,True
1354,9,7,6.83,49,m,True
1355,9,1,12.245,49,m,True
1356,9,3,11.945,49,m,True
1357,9,8,13.477,49,m,True
1358,9,2,12.211,49,m,True
1359,9,1,5.048,49,m,True
1360,9,6,26.355,49,m,True
1361,9,4,25.456,49,m,True
1362,9,8,2.332,49,m,True
1363,9,2,9.546,49,m,True
1364,9,8,9.245,49,m,True
1365,9,0,59.358,49,m,True
1366,9,7,6.863,49,m,True
1367,9,2,10.729,49,m,True
1368,9,1,20.374,49,m,True
